   6.00000000   7.00000000  12.00000000  17.00000000  18.00000000 10000.00000000   5.00000000  10.00000000  15.00000000  20.00000000  25.00000000  15.72353333  65.05101818 147.71788750
264.42380952 413.23997692   0.50462350  24.71200000  24.00580000  20.95520000  15.68740000   8.98080000   0.00000000   0.00000000   0.00000000   0.00000000   0.00000000   0.00000000
  0.00000000   0.00000000   0.00000000   0.00000000   0.00000000   0.00000000   0.00000000   0.00000000   0.00000000   0.00000000   0.00000000   0.00000000   0.00000000   0.00000000
  0.00000000  99.73040000 100.04260000  97.25880000  90.75060000  84.22860000  74.07340000  64.09020000  50.98980000  35.59900000  18.79780000   0.00000000   0.00000000   0.00000000
  0.00000000   0.00000000   0.00000000   0.00000000   0.00000000   0.00000000   0.00000000   0.00000000   0.00000000   0.00000000   0.00000000   0.00000000   0.00000000 223.34180000
222.42320000 221.62280000 219.46260000 209.75480000 201.02480000 191.71100000 174.48300000 161.86960000 141.99260000 124.44640000 104.77160000  80.92860000  56.80280000  28.85060000
  0.00000000   0.00000000   0.00000000   0.00000000   0.00000000   0.00000000   0.00000000   0.00000000   0.00000000   0.00000000   0.00000000 403.24760000 403.32040000 394.16560000
391.15140000 384.95400000 375.05460000 366.58300000 353.08420000 333.12420000 323.65260000 301.56720000 279.56500000 261.57560000 229.92060000 207.68380000 173.81200000 144.24740000
110.86580000  77.37000000  37.95500000   0.00000000   0.00000000   0.00000000   0.00000000   0.00000000   0.00000000 630.93480000 628.86060000 615.53360000 617.41020000 611.55960000
600.96460000 587.25560000 573.23820000 554.20800000 545.47800000 529.90760000 496.95800000 473.96000000 457.53580000 429.31860000 399.74460000 367.70920000 338.33620000 313.16800000
274.93700000 231.05400000 184.75300000 137.44320000  97.13440000  46.83660000   0.00000000 