  6.00000000   7.00000000  12.00000000  17.00000000  18.00000000 10000.00000000   5.00000000  10.00000000  15.00000000  20.00000000  25.00000000   3.35501667  15.07607273  35.05557500
 63.06265714 100.12091538   0.52415483   0.00000000   4.03150000   6.00210000   6.02310000   4.07340000   0.00000000   0.00000000   0.00000000   0.00000000   0.00000000   0.00000000
  0.00000000   0.00000000   0.00000000   0.00000000   0.00000000   0.00000000   0.00000000   0.00000000   0.00000000   0.00000000   0.00000000   0.00000000   0.00000000   0.00000000
  0.00000000   0.00000000   8.89340000  16.17080000  21.35640000  24.04540000  24.88620000  24.00000000  21.17600000  16.26600000   9.04260000   0.00000000   0.00000000   0.00000000
  0.00000000   0.00000000   0.00000000   0.00000000   0.00000000   0.00000000   0.00000000   0.00000000   0.00000000   0.00000000   0.00000000   0.00000000   0.00000000   0.00000000
 13.52650000  26.69270000  36.29780000  44.73490000  49.98580000  54.06560000  55.77960000  56.37350000  54.30640000  50.16050000  43.55970000  35.61150000  25.95820000  13.83650000
  0.00000000   0.00000000   0.00000000   0.00000000   0.00000000   0.00000000   0.00000000   0.00000000   0.00000000   0.00000000   0.00000000   0.00000000  18.81240000  35.24340000
 49.94020000  62.71920000  74.11560000  84.61540000  91.18660000  96.05220000  99.42740000  98.17420000  98.59720000  96.08940000  91.62840000  84.11540000  74.74580000  63.68440000
 49.92840000  36.22680000  19.01340000   0.00000000   0.00000000   0.00000000   0.00000000   0.00000000   0.00000000   0.00000000  23.40790000  45.72390000  66.33920000  83.81860000
101.14740000 114.21540000 127.85380000 134.64450000 142.96190000 149.82290000 155.86520000 154.25570000 155.35790000 153.82920000 151.15990000 145.30950000 134.60410000 125.59560000
113.78110000  99.73320000  86.93710000  65.87390000  46.44800000  24.45790000   0.00000000 