   6.00000000  11.00000000  12.00000000 142.00000000 144.00000000   5.00000000  10.00000000  15.00000000  20.00000000  25.00000000
100.00000000  26.54000000  25.62000000  21.16000000  15.56000000  10.78000000   0.00000000   0.00000000   0.00000000   0.00000000
  0.00000000   0.00000000   0.00000000   0.00000000   0.00000000   0.00000000   0.00000000   0.00000000   0.00000000   0.00000000
  0.00000000   0.00000000   0.00000000   0.00000000   0.00000000   0.00000000   0.00000000 106.32000000 101.50000000  89.42000000
 86.68000000  80.52000000  70.38000000  47.10000000  45.22000000  30.72000000  22.78000000   0.00000000   0.00000000   0.00000000
  0.00000000   0.00000000   0.00000000   0.00000000   0.00000000   0.00000000   0.00000000   0.00000000   0.00000000   0.00000000
  0.00000000   0.00000000   0.00000000 258.46000000 206.96000000 213.44000000 199.54000000 197.28000000 195.52000000 181.98000000
194.92000000 191.34000000 206.38000000 114.72000000 119.78000000  91.66000000  38.60000000  29.82000000   0.00000000   0.00000000
  0.00000000   0.00000000   0.00000000   0.00000000   0.00000000   0.00000000   0.00000000   0.00000000   0.00000000 401.18000000
353.22000000 399.34000000 370.90000000 340.76000000 356.34000000 325.56000000 371.26000000 319.88000000 286.40000000 286.36000000
293.32000000 278.14000000 291.90000000 230.08000000 117.92000000 155.90000000  74.62000000  57.68000000  35.12000000   0.00000000
  0.00000000   0.00000000   0.00000000   0.00000000   0.00000000 582.88000000 671.16000000 596.28000000 624.62000000 599.32000000
642.70000000 607.92000000 479.18000000 577.58000000 533.46000000 452.38000000 500.52000000 468.68000000 516.82000000 423.22000000
403.36000000 430.50000000 361.84000000 314.26000000 269.88000000 196.24000000 215.46000000 146.50000000  79.42000000  32.84000000
  0.00000000  -0.81975484 512.34677593  19.93200000  68.06400000 162.69333333 267.29400000 429.08080000 