  6.00000000  11.00000000  12.00000000 142.00000000 144.00000000   5.00000000  10.00000000  15.00000000  20.00000000  25.00000000
100.00000000   0.00000000   3.67000000   5.55000000   6.16000000   3.45000000   0.00000000   0.00000000   0.00000000   0.00000000
  0.00000000   0.00000000   0.00000000   0.00000000   0.00000000   0.00000000   0.00000000   0.00000000   0.00000000   0.00000000
  0.00000000   0.00000000   0.00000000   0.00000000   0.00000000   0.00000000   0.00000000   0.00000000   8.90000000  16.86000000
 23.42000000  24.50000000  29.34000000  24.98000000  19.58000000  17.16000000   9.28000000   0.00000000   0.00000000   0.00000000
  0.00000000   0.00000000   0.00000000   0.00000000   0.00000000   0.00000000   0.00000000   0.00000000   0.00000000   0.00000000
  0.00000000   0.00000000   0.00000000   0.00000000  14.24000000  22.26000000  35.41000000  47.28000000  46.56000000  54.88000000
 45.51000000  57.35000000  49.41000000  51.80000000  43.64000000  42.02000000  25.74000000  11.46000000   0.00000000   0.00000000
  0.00000000   0.00000000   0.00000000   0.00000000   0.00000000   0.00000000   0.00000000   0.00000000   0.00000000   0.00000000
 16.92000000  50.54000000  41.08000000  60.58000000  71.72000000  85.30000000  95.52000000 105.02000000  90.94000000  98.08000000
110.20000000  90.78000000 110.62000000  79.56000000  65.34000000  67.98000000  60.04000000  37.32000000  15.14000000   0.00000000
  0.00000000   0.00000000   0.00000000   0.00000000   0.00000000   0.00000000  21.58000000  39.67000000  69.54000000  77.54000000
107.91000000 107.88000000 135.65000000 120.66000000 123.21000000 142.55000000 151.05000000 167.00000000 144.76000000 162.80000000
136.11000000 159.00000000 116.56000000 131.25000000 134.21000000 102.59000000  93.61000000  66.50000000  54.12000000  13.30000000
  0.00000000   0.53075696   0.51414547   3.76600000  17.40200000  36.50400000  67.63400000 103.16200000 