8000.00000000  15.00000000  20.00000000  10.00000000  20.00000000
 30.00000000  40.00000000  50.00000000  60.00000000  70.00000000
 80.00000000  90.00000000 100.00000000 110.00000000 120.00000000
130.00000000 140.00000000 150.00000000 160.00000000 170.00000000
180.00000000 190.00000000 200.00000000 210.00000000 220.00000000
230.00000000 240.00000000 250.00000000 260.00000000 270.00000000
280.00000000 290.00000000 300.00000000 310.00000000 320.00000000
330.00000000 340.00000000 350.00000000 360.00000000 370.00000000
380.00000000 390.00000000 400.00000000 410.00000000 420.00000000
430.00000000 440.00000000 450.00000000 460.00000000 470.00000000
480.00000000 490.00000000 500.00000000   7.46842308   9.56936533
  8.58163516   8.32372561   7.46088565   9.22459504   8.07438243
  8.27156302   9.17984824   8.71126959   7.54200811   7.82593295
  8.21750956   8.71537109   8.41046656   8.18075091   8.12186231
  8.17907525   8.23732625   9.01677770   8.70478191   8.84941041
  8.93762560   9.07656511   8.94580502   9.76635353   8.02310841
  8.54968902   8.33812248   9.30608793   8.25508212   8.35072020
  8.69831156   8.48414720   8.47072701   8.47509581   8.55319393
  8.97638252   8.75222772   8.75918184   8.55890272   8.49241773
  8.03246399   8.65606364   8.67836217   8.04885440   8.11053678
  7.88188300   8.52615410   8.56164312   0.00241920   0.00157609
  0.00128992   0.00112158   0.00096913   0.00086729   0.00082296
  0.00076309   0.00073033   0.00067035   0.00067685   0.00062910
  0.00058650   0.00056837   0.00055272   0.00053122   0.00052023
  0.00048396   0.00047756   0.00048230   0.00046020   0.00045855
  0.00044356   0.00044611   0.00043660   0.00042249   0.00041268
  0.00041320   0.00038147   0.00039701   0.00038316   0.00035888
  0.00035996   0.00035715   0.00036406   0.00036658   0.00034647
  0.00033699   0.00034692   0.00032955   0.00032165   0.00032494
  0.00032068   0.00032371   0.00031987   0.00032104   0.00030353
  0.00031256   0.00030815   0.00029790 