 8000.00000000  15.00000000  20.00000000 1000.00000000   1.00000000
 11.00000000  21.00000000  31.00000000  41.00000000  51.00000000
 61.00000000  71.00000000  81.00000000  91.00000000 100.00000000
150.00000000 200.00000000 250.00000000 300.00000000 350.00000000
400.00000000 450.00000000 500.00000000 550.00000000 600.00000000
650.00000000 700.00000000 750.00000000 800.00000000 850.00000000
900.00000000 950.00000000 1000.00000000 1100.00000000 1200.00000000
1300.00000000 1400.00000000 1500.00000000 1600.00000000 1700.00000000
1800.00000000 1900.00000000 2000.00000000   8.57469666  17.83487033
 18.79667293  19.21161764  19.39243464  19.45125908  19.59335073
 19.55969345  19.76496626  19.67734580  19.72603655  19.77719758
 19.91420853  19.84008240  19.65092929  19.86231188  20.26244454
 20.16822791  20.17418512  19.79560889  19.97335776  19.85382052
 20.35436324  19.59836602  19.95261696  20.16413611  20.26624765
 20.06848571  19.87954341  20.21529440  19.70531848  20.26369967
 20.13670022  19.96472805  20.12690762  19.79287503  20.24509544
 19.83954232  20.18682547   0.00021409   0.00062749   0.00094713
  0.00111934   0.00128850   0.00144232   0.00157452   0.00172649
  0.00188892   0.00197650   0.00221721   0.00260485   0.00301482
  0.00328678   0.00377300   0.00399793   0.00430898   0.00424531
  0.00478711   0.00494986   0.00522393   0.00540528   0.00557269
  0.00580646   0.00596205   0.00597961   0.00634814   0.00634393
  0.00644993   0.00709898   0.00724307   0.00778524   0.00784431
  0.00844367   0.00894078   0.00853140   0.00904114   0.00932761
  0.00951913 