8000.00000000  15.00000000  20.00000000 1000.00000000   1.00000000
 11.00000000  21.00000000  31.00000000  41.00000000  51.00000000
 61.00000000  71.00000000  81.00000000  91.00000000 100.00000000
150.00000000 200.00000000 250.00000000 300.00000000 350.00000000
400.00000000 450.00000000 500.00000000 550.00000000 600.00000000
650.00000000 700.00000000 750.00000000 800.00000000 850.00000000
900.00000000 950.00000000 1000.00000000 1100.00000000 1200.00000000
1300.00000000 1400.00000000 1500.00000000 1600.00000000 1700.00000000
1800.00000000 1900.00000000 2000.00000000  19.99667584  19.99991000
 20.02016548  19.96993509  20.03401232  19.99085950  20.04288302
 20.00832514  20.01554376  20.00288279  19.99703307  19.96695396
 20.01775197  19.98248737  19.97623741  20.02144004  20.03254942
 20.01969161  19.97271285  19.95946121  20.00201628  19.96519138
 19.99831331  19.99763754  19.98086587  20.00321554  19.99732872
 19.97860117  19.99691025  20.01137709  20.03979950  20.05668912
 20.04171196  19.97126155  19.98951390  20.00595936  19.99868114
 20.00997118  20.03984631   0.00069972   0.00069211   0.00070151
  0.00070503   0.00069289   0.00069914   0.00068330   0.00068773
  0.00069545   0.00069705   0.00069241   0.00071659   0.00068264
  0.00065598   0.00068269   0.00070057   0.00071373   0.00068802
  0.00068058   0.00069039   0.00067619   0.00070328   0.00070215
  0.00069296   0.00069525   0.00069458   0.00068489   0.00066791
  0.00069844   0.00069171   0.00071228   0.00071960   0.00067608
  0.00070203   0.00070998   0.00066946   0.00070717   0.00067671
  0.00070419 