8000.00000000  15.00000000  20.00000000  10.00000000  20.00000000
 30.00000000  40.00000000  50.00000000  60.00000000  70.00000000
 80.00000000  90.00000000 100.00000000 110.00000000 120.00000000
130.00000000 140.00000000 150.00000000 160.00000000 170.00000000
180.00000000 190.00000000 200.00000000 210.00000000 220.00000000
230.00000000 240.00000000 250.00000000 260.00000000 270.00000000
280.00000000 290.00000000 300.00000000 310.00000000 320.00000000
330.00000000 340.00000000 350.00000000 360.00000000 370.00000000
380.00000000 390.00000000 400.00000000 410.00000000 420.00000000
430.00000000 440.00000000 450.00000000 460.00000000 470.00000000
480.00000000 490.00000000 500.00000000  21.92951121  20.37827430
 20.43016550  20.12756318  19.99432720  20.09950263  20.04701242
 20.09372645  20.12872952  20.06194314  20.00110778  20.16718016
 19.95404904  20.06170464  20.04797147  20.12541544  20.01161522
 20.03789775  20.03145593  19.99217503  20.08872749  20.05977491
 20.12771734  20.08682098  20.03251552  20.02922137  19.94856351
 20.02166321  20.03084234  20.05816046  19.97790201  19.98127315
 19.99482704  19.99158466  19.95439770  20.05707312  20.04854169
 19.99620277  20.05491445  20.00573492  20.02869135  20.04275426
 20.01795433  19.96446512  20.03929336  20.07408683  20.06677728
 19.97234497  19.98591991  19.96325397   0.00857987   0.00541170
  0.00424905   0.00349010   0.00313595   0.00275891   0.00268659
  0.00245648   0.00229782   0.00224598   0.00211970   0.00200345
  0.00192800   0.00187212   0.00181273   0.00171133   0.00172669
  0.00162041   0.00161347   0.00155673   0.00146690   0.00146369
  0.00142787   0.00141567   0.00140239   0.00136059   0.00134832
  0.00130185   0.00127898   0.00126082   0.00127143   0.00125858
  0.00115822   0.00117756   0.00113014   0.00116844   0.00112406
  0.00114539   0.00111267   0.00108929   0.00107925   0.00106851
  0.00106268   0.00102696   0.00105350   0.00102246   0.00095692
  0.00093740   0.00101435   0.00098689 